C:/Ac6/SystemWorkbench/plugins/fr.ac6.mcu.debug_2.1.1.201708311556/resources/openocd/scripts/tools/fault_injection/sample_analysis/samples.txt
50 200 200
0x8001104 0x8001476 0x800126c
11859 536873833 3
9486 536874109 0
33781 536874116 6
38051 536873232 1
28214 536873468 5
19809 536874365 6
26034 536875013 0
795 536874007 3
26319 536872479 4
14431 536873309 1
11941 536873995 1
32922 536872328 6
48217 536874574 6
48704 536872304 7
36888 536873500 6
44487 536873675 0
14781 536871520 6
41112 536872568 2
19086 536871419 2
16654 536874645 0
31618 536875084 7
29404 536873741 1
28090 536874751 2
35771 536873818 6
5800 536871170 0
27685 536871851 0
44964 536872762 0
11289 536872259 4
12955 536873388 5
34822 536874334 2
35927 536873109 7
19715 536873542 5
40490 536873837 0
43098 536872969 5
10047 536874938 4
13137 536872521 4
12934 536871755 3
3842 537067412 0
37142 536871823 2
16875 536874866 5
47072 536874803 3
36523 536871310 0
28927 536874474 3
31068 536871987 0
23453 536872336 4
28690 536871269 3
37183 536875129 4
12367 536873912 3
35890 536873229 7
34619 536872796 4
28528 536873354 5
44432 536872073 0
45903 536875082 6
45026 536873898 5
15184 536872166 3
33803 536874022 6
10000 536872105 6
2660 536871838 4
4991 536872727 2
26430 536872496 5
2250 536872986 4
46715 536872961 6
5156 536872957 1
48269 536873380 1
20991 536874558 0
28225 536874062 0
337 536873514 6
861 536872394 2
23880 536871546 2
20054 536875024 5
16692 536872511 0
49798 536873875 6
28115 536871355 0
49512 536874951 6
50000 536870999 4
39236 536870943 4
22412 536872866 6
39120 536873819 7
2057 536871387 5
13776 536872058 5
16213 536874549 1
43151 536872997 2
11515 536872783 7
23353 536872814 2
47089 536871074 1
2062 536873360 7
33635 536875042 0
49472 536872683 2
36976 536872205 0
2424 536874163 5
22387 536872449 3
35618 536874063 3
15201 536874671 5
29847 536874500 3
34429 536874356 5
40910 536873127 0
40080 536871634 3
37579 536873889 3
5066 536874714 2
13249 537067392 0
9245 536872769 2
1080 536874385 0
36639 536872402 1
30804 536871632 6
22599 536871331 7
11365 536875058 3
13112 536872818 1
20547 536871869 5
46196 536872671 7
46091 536872348 6
48827 536874974 4
28527 536874312 0
11116 536873839 0
30921 536871999 6
46591 536872622 6
45959 536871378 5
32058 536873886 3
39544 536871798 5
45862 536873629 3
7591 536874909 3
39213 536872813 5
35687 536873266 7
22248 536873296 4
9496 536872142 6
1422 537067467 7
20077 536872907 1
40981 536874888 5
30263 536872257 4
21036 536874101 7
26279 536873777 5
39040 536873890 6
49296 536872717 2
36818 536873495 6
44616 536874666 3
18089 536872461 4
20845 536871767 6
8528 536873011 0
10602 536871737 6
41136 536874457 0
24198 536871015 2
18853 536873868 2
36950 536874156 5
18579 536872529 6
22715 536874908 4
45547 536874168 3
48200 536873896 6
25323 536872561 4
38733 536874905 1
9586 536874949 3
2338 536871048 7
36327 536871930 0
28038 536874445 4
38199 536873778 5
21723 536873830 6
27547 536873122 6
15766 536874460 7
16121 536874337 5
46056 536873185 5
6815 536870983 1
16261 536874724 3
7804 536874541 2
44248 536871528 7
20787 536872469 1
23911 536871340 0
3123 536871055 6
20612 536874714 3
12461 536872238 0
44387 536874247 1
22397 536874538 2
30511 536874639 0
49255 536874040 4
10539 536874497 1
3448 536872667 7
25762 536874845 4
33645 536874595 0
7105 536872421 7
13145 536872088 5
49464 536871771 3
9832 536872525 7
13199 536874273 1
49815 536873786 7
10361 536873895 4
25180 536871889 4
4102 536874856 1
38973 536874343 4
36513 536874986 0
34239 536873579 5
49648 536872394 1
24463 536871080 5
8334 536872585 5
31806 536874496 5
21762 536873957 3
4750 536871244 5
15625 536871518 4
30094 536872885 1
2307 536871593 5
48594 536870965 3
17615 536874895 0
13771 536872082 5
4639 536874387 5