C:/Ac6/SystemWorkbench/plugins/fr.ac6.mcu.debug_2.1.1.201708311556/resources/openocd/scripts/tools/fault_injection/sample_analysis/samples.txt
50 200 200
0x8001104 0x8001476 0x800126c
5773 536874056 3
15815 536874014 6
27537 536872791 3
26829 536871219 7
41059 536872964 4
29369 536871072 3
19782 536873119 3
29958 536874009 7
28512 536872878 5
41231 536872790 5
25936 536872547 0
31074 537067429 6
24048 536874438 3
38427 536871019 7
20793 536871945 6
20280 536871689 6
4368 537067473 2
38230 536874906 5
18450 536874864 0
13666 536872474 1
13437 536873533 5
30041 536873743 5
11763 536872821 1
31679 536874100 1
29830 536872867 6
16957 536874740 3
28199 536873543 4
36042 536873478 3
6031 536874846 1
18564 536871658 1
3367 536871963 5
44194 536872385 7
36451 536873744 2
18290 536873368 4
48890 536872245 4
25572 536874954 2
17612 536872939 5
44533 536872759 4
45955 536873458 7
5247 536871771 2
6756 536871943 6
41061 536871821 6
4083 536872321 6
41095 536874713 3
35613 536873832 6
45435 536873894 6
30508 536872875 0
20189 536872367 3
18134 536874133 7
35376 536872346 4
21607 536871733 5
37081 536874286 5
47796 536873810 1
29481 536872997 6
15059 536875109 6
419 536873026 7
17727 536874183 4
9579 536871665 2
45167 536874025 6
45521 536872700 1
31973 536871989 4
3805 536875055 3
46333 536873998 4
20593 536874485 0
12023 536871724 0
47657 536871114 4
31430 536874868 7
15541 536874630 3
5077 536875084 2
34716 536871702 1
39267 536872495 0
32809 536874290 0
45249 536872253 5
15902 536871591 1
21817 536871957 7
22152 536872029 4
1911 536874380 3
19060 536871635 5
44895 536872906 2
24181 536870981 5
29556 536874290 6
38492 536874925 2
18304 536873479 4
23650 536871052 4
14626 536872332 7
25337 536872068 4
31816 536871585 2
41667 536871712 2
3500 536874853 2
10340 536873842 7
5905 536872238 5
29582 536872660 4
9213 536874951 1
39587 536872777 3
29432 536874523 6
47689 536873680 0
32405 536874173 6
28687 536874372 6
35846 536873581 6
29533 536872918 4
28113 536874898 7
13753 536872716 3
21643 536872128 0
34811 536872159 0
48611 536871930 5
6929 536874047 6
8677 536871525 5
37755 536874924 7
48558 536875121 1
32556 536871373 3
43405 536870982 7
18449 536874688 6
7077 536873387 2
48829 536873441 7
42795 536871501 7
23062 536871937 2
48227 536873157 5
40942 536874857 3
38745 536874010 3
28668 537067424 6
26995 536872362 7
4473 536871628 7
6706 536871569 5
31464 536874883 0
10523 536873580 3
18664 536873649 1
11970 536872641 6
36714 536873850 7
7977 536875012 2
10202 536872084 7
13101 536871024 2
15679 536872569 2
49385 536872857 2
25387 536873303 2
20610 536874543 4
20948 536871084 7
8806 536873758 0
23499 536872226 3
49686 536872447 1
46839 536874998 1
32313 536873287 1
46557 536871872 0
23178 536874447 1
4314 536873714 4
1581 536873195 0
28267 536873444 3
2176 536872874 2
13841 536874978 5
18264 536872444 2
18017 536873246 5
33087 536871246 1
13297 536871145 4
7023 536872467 7
43400 536872171 1
21592 536872327 2
32925 536875018 2
45565 536871835 7
42156 536873850 2
27645 536872304 2
22543 536873076 6
12280 536874822 0
2796 536872568 7
43860 536871565 2
854 536875020 6
17793 536871068 1
34688 536875023 5
4236 536873391 2
10416 536872464 1
6032 536873956 5
47386 536871309 3
41576 536873563 2
44808 536871500 0
44672 536871673 4
5063 536874708 3
45730 536874421 0
29980 536873711 7
10972 536873941 7
35260 536872771 0
26312 536870958 3
11779 536873032 6
40139 536874695 7
29447 536873171 3
38930 536872987 5
48870 536872387 3
17189 536871786 0
29855 537067404 6
9148 536873228 1
833 536871058 2
36569 536875021 5
18542 536871554 7
5965 536874209 3
11977 536873298 4
18736 536874756 2
16343 536872564 3
36492 536871661 7
44367 536873446 4
27890 536872843 7
45561 536871852 5
9518 536871747 6
41927 536872196 0
25244 536872377 3
18937 536874530 5
7955 536871410 7
4181 536872755 2
25004 536874598 5
40453 536875002 7
44791 536874442 0
42474 536873032 2
5479 536872677 7
20865 536872998 5
28430 536874334 6
29922 536871272 5
31873 536874616 0
42109 536872804 5
28812 536872050 5
17989 536872790 6
12442 536874476 5
28100 536872592 0
33888 536873393 3
27240 536872750 6
17572 536872985 1
45875 536875035 2
7983 536874285 7
32604 536873692 2
34698 536874999 3
26417 536871283 6
38914 536871819 7
29071 536871905 7
13677 536871474 3
40381 536872242 7
25010 536870940 2
49163 536871596 2
20794 536872034 6
17541 536874187 2
10136 536874088 0
1018 536874628 1
35814 536871262 3
1814 536873388 6
47822 536874851 1
30189 536872721 2
38817 536874581 0
36837 536872816 2
8617 536873261 2
3762 536872780 0
26024 536872591 3
49861 536871573 0
7872 536872921 3
43502 536872922 2
25750 536873983 0
2903 536874827 6
25076 536872845 0
5048 536874580 4
24325 536871634 5
17752 536872158 5
20984 536872682 7
17825 536872042 4
27704 536873904 2
26332 536872640 1
47566 536872668 3
1106 536873072 0
47575 536871674 3
33895 536872017 3
35743 536871114 1
14977 536874091 3
39922 536871403 3
40199 536874289 7
25789 536874950 2
45566 536874968 7
13020 536874538 6
23368 536874128 6
30545 536872095 0
18250 536872192 0
12919 536873367 7
32232 536873646 4
13335 536871345 0
8792 536870972 0
34230 536872871 5
29673 536871648 4
4754 536870932 2
45365 536872627 3
20135 536874853 3
18321 537067426 5
49725 536871682 0
31041 536872086 1
9486 536874184 2
33232 536872147 0
47625 536874057 2
7347 536873498 6
27632 536872281 5
43354 536872927 1
24939 536872299 7
7474 536871203 7
12796 536874882 1
31296 536872116 5
49500 536872861 6
41488 536872090 2
10290 536873049 7
23797 536871525 4
16657 536872029 3
40155 536872004 0
13479 536874525 4
16067 536875018 3
28639 536871249 7
8701 536871332 3
3200 536872759 5
34858 536871500 0
6678 536873458 5
49853 536872357 6
2121 536871621 1
13296 536871746 5
15531 536872589 2
28731 536871274 3
6351 536874390 5
4867 536873122 5
10971 536872180 6
17024 536872933 7
43622 536872201 3
713 536872477 5
47039 536873717 2
39719 536873646 0
29893 536874052 3
25810 537067403 0
40292 536873682 3
49202 536873331 5
18514 537067390 0
28922 536871236 4
48124 536874182 0
41838 536874789 6
17153 536872613 5
9803 536871633 5
11681 536871275 5
8496 536872496 6
21785 536873127 6
6140 536870997 0
3962 536871503 6
25506 536872567 4
12968 536875009 5
5909 536871544 7
29406 536873345 0
3126 536871949 2
14042 536873442 6
49994 537067437 1
30155 536873838 6
46856 536874546 3
22920 536871702 0
19570 536874411 5
8208 536874229 3
31202 536871025 2
1778 536874479 7
33573 536870996 7
5310 536871846 0
48017 536874964 0
8280 536872655 4
21355 536871190 5
37856 537067416 3
18012 536871776 5
13437 536871122 3
31274 536872433 5
19760 536873127 5
30945 536873648 0
45226 536872129 5
12354 536874606 2
49875 536872533 2
7721 536872467 1
2766 536870914 7
3755 536873025 4
18106 536871747 3
15806 536871066 4
25059 536873247 1
42917 536874502 3
19424 536872909 0
10238 536871227 0
2159 536872382 1
34838 536872560 1
24906 536873515 2
19199 536872858 5
26639 536874566 2
35863 536873723 0
21305 536873863 0
15609 536871437 5
24947 536872465 7
34318 537067411 1
25940 536872765 4
49093 536872691 3
22186 536874997 6
12644 536873497 2
20347 536873200 4
45070 536872848 7
10255 536874669 6
48153 536873516 4
14430 536872262 5
13906 536874894 3
4250 536871636 2
14333 536872592 5
9444 536874898 4
17636 536870928 2
29257 536871784 0
5927 536874036 4
2958 536873802 7
18458 536872873 5
46873 536874689 6
15813 536874748 6
34591 536871751 6
1471 536871661 3
37304 536873257 2
31830 536872903 7
42340 536870992 4
40026 536872585 1
33700 536875022 4
26122 536874375 5
803 537067428 7
44185 536874382 3
31756 536871996 3
1455 536871394 5
20893 536874058 3
17176 536875053 2
10079 536874897 5
37357 536872501 4
30829 536874615 4
47735 536873997 7
29190 536874246 1
24999 536871915 6
27237 536873702 4
23403 537067486 2
30247 536872085 3
32123 536871658 0
6395 536872868 5
5689 536872098 5
23265 536873294 6
14118 536874706 2
42482 536873363 6
13397 536871525 4
26534 536871048 0
3047 536871191 6
26006 536873819 5
5938 536874752 3
31339 536874841 2
26141 536873235 5
38227 536873491 1
7763 536872991 3
30764 536871145 3
27490 536872832 3
34369 536872499 5
24978 536872930 6
25329 536873987 1
491 536873537 6
44888 536872993 7
40773 536870934 3
47393 536874580 4
28035 537067469 1
33194 536872194 3
48105 536874575 0
40541 536873945 6
27055 536872551 7
48555 536872387 3
9967 536871313 2
9960 536874831 0
1725 536873038 1
42503 536873765 1
2654 536874544 2
880 536871684 3
49765 536874971 3
36583 536873540 7
15301 536871337 3
14758 536874924 2
42961 536873019 0
5002 536871262 5
27747 537067436 0
24016 536875114 5
47585 536874903 0
34674 536872241 3
14331 536874813 3
31029 536871293 5
3319 536872171 7
40375 536874521 6
8108 536874489 5
10414 536872813 3
41934 536871758 7
11426 536872215 1
1677 536873159 0
40167 536871898 1
17543 536871603 1
28411 536873420 1
47572 536874005 6
5188 536873885 3
10206 536874738 7
18637 536874609 7
38928 536874010 7
21322 536873188 4
10361 536874356 4
21780 536873479 2
28426 536872242 7
24350 536871866 3
44861 536874219 7
24851 536871124 1
11768 536871434 0
9980 536873762 0
44006 536871600 7
31088 536872172 2
47831 536874323 0