C:/Ac6/SystemWorkbench/plugins/fr.ac6.mcu.debug_2.1.1.201708311556/resources/openocd/scripts/tools/fault_injection/sample_analysis/samples.txt
50 200 200
0x8001104 0x800143e 0x800126a
83823 536874447 7
214407 536872252 4
134813 536872808 3
88814 536871330 0
63546 536873209 7
136198 536872879 4
16176 536872873 7
56266 536872769 7
2350 536874304 7
69622 536874976 5
173728 536874976 6
212308 536873314 3
183968 536871092 5
72101 536873587 3
192361 536871128 2
86163 536873142 1
76432 536871678 3
180306 536873041 3
15162 536874932 4
174982 536873316 5
64083 536873592 3
176268 537067438 3
136197 536872362 2
24818 536872149 6
135197 536874278 5
20779 536871899 5
137419 536873824 4
29556 536871542 3
123019 536873506 7
177034 536871424 6
25687 536874810 7
188100 536873396 7
153936 536873634 4
116728 536874632 1
20578 536873115 0
50048 536874973 0
168947 536874014 5
42988 536873187 1
135375 536874713 7
8220 536871433 4
163003 536872109 6
22859 536874262 0
48248 536873545 6
211852 536873669 1
144085 536871087 1
202627 536873201 1
64242 536873939 5
39407 536874964 5
138817 536874000 3
114232 536873194 4
150844 536873677 0
119247 536874099 6
106522 536874154 3
162567 536874605 0
149347 536873182 7
18997 536874721 2
3812 536872949 3
188658 536873776 3
173188 536871740 4
176586 536872097 1
30117 536874805 4
152546 536873482 1
104834 536873134 1
76621 536871478 2
19542 536871283 7
130005 536871846 1
41380 536873961 1
70586 536874785 2
100579 536874536 0
82321 536872508 5
168999 536872641 6
767 536873587 2
105517 536871677 7
149682 536875050 3
8019 536872460 6
72578 536871137 2
53450 536871852 7
25578 536872575 0
173601 536875049 7
166938 536872249 7
40901 536872474 2
140066 536871696 1
154233 536873213 7
97439 536873562 6
62420 536873673 5
52773 536871010 6
67707 536871649 5
80784 536874312 4
19280 536871910 2
214715 536872392 0
173750 536871375 5
10856 536874945 4
11595 536871830 7
139383 536871759 1
2240 536872564 7
177974 536871276 7
94236 536871569 1
85682 536872545 6
7164 536873540 7
5327 536873860 5
212602 536874195 0
30628 536872390 1
40288 536874979 1
152257 536872844 3
93456 536873588 3
107663 536874382 2
53276 536874958 1
139808 536873183 1
48962 536872864 7
109731 536874548 3
178507 536874091 4
188350 536874399 6
73880 536874606 5
3442 536871678 2
121603 537067388 7
203418 536873904 0
50138 536874937 7
199130 536870936 4
101428 536875067 5
112479 536871690 7
198329 536874059 7
57133 536873680 1
12339 536874136 4
31645 536874393 6
146099 536873927 5
138060 536874049 1
101009 536874262 2
172173 536874505 7
25818 536874355 7
59258 536873176 7
131870 536870972 4
169079 536875124 2
214002 536873239 7
139658 536873554 1
55483 536873320 7
125859 536872794 3
213599 536874617 7
169628 537067420 4
183041 536873985 7
127824 536873053 4
177713 536873131 3
85765 536872645 2
142621 536871585 5
169584 536873838 7
179236 536874271 3
102238 536874422 4
202110 536875120 4
78790 536873128 6
60764 536874998 4
82468 536872040 1
89907 536870999 5
29800 536871358 4
14304 536871484 0
120256 536870913 5
36208 536872864 2
169571 536872979 3
166780 536871856 1
80026 536873993 2
18772 536873986 1
35181 536873400 4
7416 536871396 3
16737 536873427 4
121462 536871616 6
194894 536873465 3
14806 536874401 7
6541 536873907 4
144616 536871132 1
4320 536873555 0
121746 536871254 3
143536 536871467 6
118592 536872058 1
152213 536875072 7
111901 536871531 5
200969 536872763 0
99642 536870996 4
193743 536871296 6
168692 536872717 7
122774 536873153 0
78033 536875120 1
146945 536874326 1
126735 536873139 2
18943 536873065 6
85958 536874712 6
41546 536873969 4
65332 536872792 0
197409 536874333 0
148583 536870963 6
209006 536874784 3
204428 536872778 7
48406 536875065 5
27501 536871068 0
67102 536873981 7
147140 536871641 1
180417 536874196 5
218273 536870938 1
119735 536872851 5
181053 536873216 5
64213 536874369 3
23560 536871398 1
136968 536872521 6
44723 536871833 7
205013 536872757 1
15848 536872541 2
173150 536872277 2
210625 536871432 3
87287 536871027 4
211360 536875037 2
56895 536874318 7
191882 536871552 6
129218 536873807 3
127053 536873797 2
65937 536871041 1
160120 536871664 1
93904 536871694 1
189098 536872061 4
196391 536874482 1
213843 536872926 5
50478 536872497 7
112004 536871891 6
167480 536874925 4
67414 536874269 4
128633 536874063 4
102352 536874330 5
167900 536873312 0
202803 536874024 5
24016 536873615 3
81503 536873855 5
31297 536873959 0
98884 536871365 1
83837 536873301 3
81546 536871501 4
136894 536875036 2
193680 536872642 5
46220 536874746 2
110229 536874967 3
198227 536874334 7
170118 536871410 3
99446 536874909 6
61086 536871347 2
68582 536871139 6
192755 536873682 6
170178 536875029 0
125372 536871875 0
116815 536872857 4
13698 536871124 5
92460 536874763 2
139761 536871561 7
67192 536874326 0
86661 536871189 0
107394 536874020 6
164894 536873850 0
125234 536871259 0
198976 536872912 6
42468 536873546 7
27744 536875138 1
128520 536872270 4
213329 536871607 7
125525 536872673 6
145423 536872610 4
115100 536874655 3
199770 536873174 3
100824 536872118 1
175291 536871253 2
120714 536871167 0
54796 536874654 5
196809 536873428 3
153301 537067442 1
87182 537067480 5
144857 536872207 2
76688 536872918 4
53168 536874557 6
122632 536873367 7
139033 536874017 3
139186 536874242 4
2845 536871542 2
146229 536875065 6
121151 536873281 1
168402 536871009 3
22886 536874566 3
178665 536874607 7
33546 536874083 4
114182 536872005 5
161395 536872252 7
143552 536871515 6
218829 536872198 6
32892 536872542 3
124000 536873499 2
157710 536874661 4
156783 536873926 4
71208 536873683 4
118424 536871970 4
39948 536875126 0
5520 536872621 5
199364 536871500 2
52795 536873458 4
123248 536874453 3
215364 537067393 5
95455 536874330 2
124160 536872295 2
132432 536872653 4
125024 536871196 2
206014 536873154 4
160691 536871477 1
192968 536874627 7
69951 536873909 6
130358 536873501 7
50861 536874242 7
193756 536874505 6
13453 536871038 5
52029 536875029 4
20159 536871161 7
47955 536874745 7
6022 536871728 4
70530 536875104 5
161237 536872544 0
398 536873787 1
26040 536874007 3
124428 536874928 7
140428 536874221 5
16334 536872598 1
10528 536873548 5
131075 536871190 2
202624 536873453 2
46533 537067443 6
169604 536874105 7
176835 536871996 7
172067 536871111 5
187159 536873745 7
182326 536871652 6
200556 536873948 1
43894 536872002 6
43543 536872910 4
851 536872368 2
42114 536871751 3
20278 536871687 1
144871 536871640 0
23805 536871350 4
172761 536872465 6
193312 536870971 1
34481 536872682 0
54522 536872433 6
105711 536875029 5
128614 536874161 0
63303 536872880 3
2271 536871415 3
154272 536872184 5
212683 536871891 0
183538 536873863 3
182579 536871663 5
14045 536872955 3
175601 536872999 4
118965 536874281 6
50869 536873592 7
64245 536871691 7
193436 536872548 1
10699 536872601 6
35970 536873239 3
73886 536872014 2
203098 536874589 6
36436 536874439 3
170433 536871483 7
3947 536874935 3
89033 536872688 3
150161 536871212 7
209 536874892 3
173308 536874956 3
30755 536871083 1
98869 536871937 7
66421 536874943 6
213608 536874428 6
34876 536872095 2
193030 536872047 5
112343 536872339 2
202710 536872588 0
34060 536873204 6
110012 536872244 6
21932 536872545 7
52909 536874435 2
171477 536873661 7
186198 536871857 6
68766 536872021 7
126353 537067461 5
72792 536872463 5
199144 536870944 5
112040 536873065 0
198620 536871020 0
59805 536870978 0
57536 536873508 6
164090 536872419 7
6147 536872059 2
25669 536871715 3
176210 536871548 5
27421 536873243 4
45816 536872321 0
20223 536871867 3
198890 536870917 5
116164 536873678 2
62544 536871735 3
126092 536871431 5
139815 536871233 4
213068 536872443 1
8124 536875115 7
213446 536872348 4
81815 536873039 3
172826 536874481 4
179877 536871423 4
184843 536874264 4
40302 536872323 6
73316 536873542 7
21217 536871371 0
182920 536873448 2
53922 536871005 0
48114 536873160 2
203592 536873991 4
174602 536873783 3
166625 536872868 2
51790 536874574 4
166623 536874176 7
176340 536873073 1
63298 536874731 2
205046 536875061 4
80974 536874060 7
157836 536872239 1
109488 536872587 5
112060 536871995 3
209025 536873787 3
174821 536872446 7
6563 536871324 4
40888 536873456 6
188273 536873072 2
179335 536873802 4
26878 537067440 2
23630 536874248 3
58231 536874600 1
127289 536873208 7
125523 536872148 7
13361 536874187 5
68125 536874887 7
81540 536872844 6
210199 536872953 1
162692 536872389 6
12036 536871607 3
73092 536874442 2
155482 536871172 1
206518 536873785 0
210530 536874525 2
15637 536874564 6
103177 536874653 5
155177 536873598 0
209142 536874702 1
194981 536874524 4
61637 536874915 2
113250 536872378 4
57534 536871813 1
170057 536871073 4
60620 536871427 0
215952 536873645 4
135136 536873068 0
35203 537067453 3
149689 537067393 6
213909 536872805 7
120469 536874173 6
34937 536873463 2
26666 536874378 3
80387 536873084 0
9647 536872496 0
182184 536873337 4
61367 536875026 1
7157 536872082 2
71521 536873770 3
216876 536871221 5
47861 536871573 5
204541 536873615 4
145819 536873592 6
40284 536874346 7
48755 536874771 0
119866 536874062 0
36569 536874359 5
68275 536872864 2
97251 536871427 1
171006 536872944 4
175715 536873632 4
91966 536873769 3
60783 536871354 0
183385 536871824 2
125181 536872263 7
144898 536874830 7
146011 536874495 0
20715 536873456 2
163593 536873784 7
202808 536874239 7
129147 536872737 5
89806 536871607 5
206520 536871695 3
216972 536871515 4
54919 536875057 2
168038 536873288 4
7287 536873371 4
16704 536872458 6
146780 536874044 3